3 4 9 15 11 0 14 5 10 6 2 1 12 8 7 13 
3 4 9 15 11 6 14 5 10 0 2 1 12 8 7 13 
3 4 9 15 11 6 14 5 10 2 0 1 12 8 7 13 
3 4 9 15 11 6 14 5 10 2 1 0 12 8 7 13 
3 4 9 15 11 6 14 0 10 2 1 5 12 8 7 13 
3 4 9 15 11 6 0 14 10 2 1 5 12 8 7 13 
3 4 9 15 11 6 1 14 10 2 0 5 12 8 7 13 
3 4 9 15 11 6 1 14 10 0 2 5 12 8 7 13 
3 4 9 15 11 0 1 14 10 6 2 5 12 8 7 13 
3 4 9 15 11 1 0 14 10 6 2 5 12 8 7 13 
3 4 0 15 11 1 9 14 10 6 2 5 12 8 7 13 
3 0 4 15 11 1 9 14 10 6 2 5 12 8 7 13 
3 1 4 15 11 0 9 14 10 6 2 5 12 8 7 13 
3 1 4 15 0 11 9 14 10 6 2 5 12 8 7 13 
0 1 4 15 3 11 9 14 10 6 2 5 12 8 7 13 
1 0 4 15 3 11 9 14 10 6 2 5 12 8 7 13 
1 4 0 15 3 11 9 14 10 6 2 5 12 8 7 13 
1 4 9 15 3 11 0 14 10 6 2 5 12 8 7 13 
1 4 9 15 3 11 2 14 10 6 0 5 12 8 7 13 
1 4 9 15 3 11 2 14 10 0 6 5 12 8 7 13 
1 4 9 15 3 0 2 14 10 11 6 5 12 8 7 13 
1 4 9 15 3 2 0 14 10 11 6 5 12 8 7 13 
1 4 0 15 3 2 9 14 10 11 6 5 12 8 7 13 
1 0 4 15 3 2 9 14 10 11 6 5 12 8 7 13 
1 2 4 15 3 0 9 14 10 11 6 5 12 8 7 13 
1 2 4 15 0 3 9 14 10 11 6 5 12 8 7 13 
0 2 4 15 1 3 9 14 10 11 6 5 12 8 7 13 
2 0 4 15 1 3 9 14 10 11 6 5 12 8 7 13 
2 3 4 15 1 0 9 14 10 11 6 5 12 8 7 13 
2 3 4 15 1 9 0 14 10 11 6 5 12 8 7 13 
2 3 0 15 1 9 4 14 10 11 6 5 12 8 7 13 
2 0 3 15 1 9 4 14 10 11 6 5 12 8 7 13 
0 2 3 15 1 9 4 14 10 11 6 5 12 8 7 13 
1 2 3 15 0 9 4 14 10 11 6 5 12 8 7 13 
1 2 3 15 9 0 4 14 10 11 6 5 12 8 7 13 
1 0 3 15 9 2 4 14 10 11 6 5 12 8 7 13 
1 3 0 15 9 2 4 14 10 11 6 5 12 8 7 13 
1 3 4 15 9 2 0 14 10 11 6 5 12 8 7 13 
1 3 4 15 9 2 14 0 10 11 6 5 12 8 7 13 
1 3 4 0 9 2 14 15 10 11 6 5 12 8 7 13 
1 3 0 4 9 2 14 15 10 11 6 5 12 8 7 13 
1 0 3 4 9 2 14 15 10 11 6 5 12 8 7 13 
1 2 3 4 9 0 14 15 10 11 6 5 12 8 7 13 
1 2 3 4 9 14 0 15 10 11 6 5 12 8 7 13 
1 2 3 4 9 14 6 15 10 11 0 5 12 8 7 13 
1 2 3 4 9 14 6 15 10 11 5 0 12 8 7 13 
1 2 3 4 9 14 6 0 10 11 5 15 12 8 7 13 
1 2 3 4 9 14 0 6 10 11 5 15 12 8 7 13 
1 2 3 4 9 14 5 6 10 11 0 15 12 8 7 13 
1 2 3 4 9 14 5 6 10 0 11 15 12 8 7 13 
1 2 3 4 9 0 5 6 10 14 11 15 12 8 7 13 
1 2 3 4 9 5 0 6 10 14 11 15 12 8 7 13 
1 2 3 4 9 5 11 6 10 14 0 15 12 8 7 13 
1 2 3 4 9 5 11 6 10 0 14 15 12 8 7 13 
1 2 3 4 9 5 11 6 0 10 14 15 12 8 7 13 
1 2 3 4 0 5 11 6 9 10 14 15 12 8 7 13 
1 2 3 4 5 0 11 6 9 10 14 15 12 8 7 13 
1 2 3 4 9 14 0 15 10 11 6 5 12 8 7 13 
1 2 3 4 9 14 6 15 10 11 0 5 12 8 7 13 
1 2 3 4 9 14 6 15 10 11 5 0 12 8 7 13 
1 2 3 4 9 14 6 0 10 11 5 15 12 8 7 13 
1 2 3 4 9 14 0 6 10 11 5 15 12 8 7 13 
1 2 3 4 9 14 5 6 10 11 0 15 12 8 7 13 
1 2 3 4 9 14 5 6 10 0 11 15 12 8 7 13 
1 2 3 4 9 0 5 6 10 14 11 15 12 8 7 13 
1 2 3 4 9 5 0 6 10 14 11 15 12 8 7 13 
1 2 3 4 9 5 11 6 10 14 0 15 12 8 7 13 
1 2 3 4 9 5 11 6 10 0 14 15 12 8 7 13 
1 2 3 4 9 5 11 6 0 10 14 15 12 8 7 13 
1 2 3 4 0 5 11 6 9 10 14 15 12 8 7 13 
1 2 3 4 5 0 11 6 9 10 14 15 12 8 7 13 
1 2 3 4 5 10 11 6 9 0 14 15 12 8 7 13 
1 2 3 4 5 10 11 6 9 8 14 15 12 0 7 13 
1 2 3 4 5 10 11 6 9 8 14 15 12 7 0 13 
1 2 3 4 5 10 11 6 9 8 14 15 12 7 13 0 
1 2 3 4 5 10 11 6 9 8 14 0 12 7 13 15 
1 2 3 4 5 10 11 6 9 8 0 14 12 7 13 15 
1 2 3 4 5 10 11 6 9 0 8 14 12 7 13 15 
1 2 3 4 5 10 11 6 9 7 8 14 12 0 13 15 
1 2 3 4 5 10 11 6 9 7 8 14 0 12 13 15 
1 2 3 4 5 10 11 6 0 7 8 14 9 12 13 15 
1 2 3 4 5 10 11 6 7 0 8 14 9 12 13 15 
1 2 3 4 5 10 11 6 7 12 8 14 9 0 13 15 
1 2 3 4 5 10 11 6 7 12 8 14 9 13 0 15 
1 2 3 4 5 10 11 6 7 12 0 14 9 13 8 15 
1 2 3 4 5 10 11 6 7 0 12 14 9 13 8 15 
1 2 3 4 5 10 11 6 0 7 12 14 9 13 8 15 
1 2 3 4 5 10 11 6 9 7 12 14 0 13 8 15 
1 2 3 4 5 10 11 6 9 7 12 14 13 0 8 15 
1 2 3 4 5 10 11 6 9 0 12 14 13 7 8 15 
1 2 3 4 5 10 11 6 9 12 0 14 13 7 8 15 
1 2 3 4 5 10 0 6 9 12 11 14 13 7 8 15 
1 2 3 4 5 10 6 0 9 12 11 14 13 7 8 15 
1 2 3 4 5 10 6 14 9 12 11 0 13 7 8 15 
1 2 3 4 5 10 6 14 9 12 0 11 13 7 8 15 
1 2 3 4 5 10 6 14 9 0 12 11 13 7 8 15 
1 2 3 4 5 0 6 14 9 10 12 11 13 7 8 15 
1 2 3 4 5 6 0 14 9 10 12 11 13 7 8 15 
1 2 3 4 5 6 14 0 9 10 12 11 13 7 8 15 
1 2 3 4 5 6 14 11 9 10 12 0 13 7 8 15 
1 2 3 4 5 6 14 11 9 10 12 15 13 7 8 0 
1 2 3 4 5 6 14 11 9 10 12 15 13 7 0 8 
1 2 3 4 5 6 14 11 9 10 12 15 13 0 7 8 
1 2 3 4 5 6 14 11 9 0 12 15 13 10 7 8 
1 2 3 4 5 6 14 11 9 12 0 15 13 10 7 8 
1 2 3 4 5 6 14 11 9 12 7 15 13 10 0 8 
1 2 3 4 5 6 14 11 9 12 7 15 13 10 8 0 
1 2 3 4 5 6 14 11 9 12 7 0 13 10 8 15 
1 2 3 4 5 6 14 0 9 12 7 11 13 10 8 15 
1 2 3 4 5 6 0 14 9 12 7 11 13 10 8 15 
1 2 3 4 5 6 7 14 9 12 0 11 13 10 8 15 
1 2 3 4 5 6 7 14 9 12 11 0 13 10 8 15 
1 2 3 4 5 6 7 0 9 12 11 14 13 10 8 15 
1 2 3 4 5 6 0 7 9 12 11 14 13 10 8 15 
1 2 3 4 5 6 11 7 9 12 0 14 13 10 8 15 
1 2 3 4 5 6 11 7 9 12 8 14 13 10 0 15 
1 2 3 4 5 6 11 7 9 12 8 14 13 10 15 0 
1 2 3 4 5 6 11 7 9 12 8 0 13 10 15 14 
1 2 3 4 5 6 11 7 9 12 0 8 13 10 15 14 
1 2 3 4 5 6 0 7 9 12 11 8 13 10 15 14 
1 2 3 4 5 6 7 0 9 12 11 8 13 10 15 14 
1 2 3 4 5 6 7 8 9 12 11 0 13 10 15 14 
1 2 3 4 5 6 7 8 9 12 0 11 13 10 15 14 
1 2 3 4 5 6 7 8 9 0 12 11 13 10 15 14 
1 2 3 4 5 6 7 8 9 10 12 11 13 0 15 14 
1 2 3 4 5 6 7 8 9 10 12 11 13 15 0 14 
1 2 3 4 5 6 7 8 9 10 0 11 13 15 12 14 
1 2 3 4 5 6 7 8 9 0 10 11 13 15 12 14 
1 2 3 4 5 6 7 8 9 15 10 11 13 0 12 14 
1 2 3 4 5 6 7 8 9 15 10 11 13 12 0 14 
1 2 3 4 5 6 7 8 9 15 0 11 13 12 10 14 
1 2 3 4 5 6 7 8 9 0 15 11 13 12 10 14 
1 2 3 4 5 6 7 8 9 12 15 11 13 0 10 14 
1 2 3 4 5 6 7 8 9 12 15 11 13 10 0 14 
1 2 3 4 5 6 7 8 9 12 15 11 13 10 14 0 
1 2 3 4 5 6 7 8 9 12 15 0 13 10 14 11 
1 2 3 4 5 6 7 8 9 12 0 15 13 10 14 11 
1 2 3 4 5 6 7 8 9 0 12 15 13 10 14 11 
1 2 3 4 5 6 7 8 9 10 12 15 13 0 14 11 
1 2 3 4 5 6 7 8 9 10 12 15 13 14 0 11 
1 2 3 4 5 6 7 8 9 10 12 15 13 14 11 0 
1 2 3 4 5 6 7 8 9 10 12 0 13 14 11 15 
1 2 3 4 5 6 7 8 9 10 0 12 13 14 11 15 
1 2 3 4 5 6 7 8 9 10 11 12 13 14 0 15 
1 2 3 4 5 6 7 8 9 10 12 15 13 14 11 0 
1 2 3 4 5 6 7 8 9 10 12 0 13 14 11 15 
1 2 3 4 5 6 7 8 9 10 0 12 13 14 11 15 
1 2 3 4 5 6 7 8 9 10 11 12 13 14 0 15 
1 2 3 4 5 6 7 8 9 10 11 12 13 14 15 0 
