Proble
6 0 7 15 9 12 5 2 13 11 10 1 3 14 8 4 
Bat dau tim kiem 1
DOWN:  6 12 7 15 9 0 5 2 13 11 10 1 3 14 8 4 
DOWN:  6 12 7 15 9 11 5 2 13 0 10 1 3 14 8 4 
RIGHT:  6 12 7 15 9 11 5 2 13 10 0 1 3 14 8 4 
RIGHT:  6 12 7 15 9 11 5 2 13 10 1 0 3 14 8 4 
bat dau tim trang thai dich 1
UP:  6 12 7 15 9 11 5 0 13 10 1 2 3 14 8 4 
LEFT:  6 12 7 15 9 11 0 5 13 10 1 2 3 14 8 4 
DOWN:  6 12 7 15 9 11 1 5 13 10 0 2 3 14 8 4 
LEFT:  6 12 7 15 9 11 1 5 13 0 10 2 3 14 8 4 
UP:  6 12 7 15 9 0 1 5 13 11 10 2 3 14 8 4 
RIGHT:  6 12 7 15 9 1 0 5 13 11 10 2 3 14 8 4 
UP:  6 12 0 15 9 1 7 5 13 11 10 2 3 14 8 4 
LEFT:  6 0 12 15 9 1 7 5 13 11 10 2 3 14 8 4 
DOWN:  6 1 12 15 9 0 7 5 13 11 10 2 3 14 8 4 
LEFT:  6 1 12 15 0 9 7 5 13 11 10 2 3 14 8 4 
UP:  0 1 12 15 6 9 7 5 13 11 10 2 3 14 8 4 
RIGHT:  1 0 12 15 6 9 7 5 13 11 10 2 3 14 8 4 
Bat dau tim kiem 2
DOWN:  1 9 12 15 6 0 7 5 13 11 10 2 3 14 8 4 
DOWN:  1 9 12 15 6 11 7 5 13 0 10 2 3 14 8 4 
RIGHT:  1 9 12 15 6 11 7 5 13 10 0 2 3 14 8 4 
RIGHT:  1 9 12 15 6 11 7 5 13 10 2 0 3 14 8 4 
bat dau tim trang thai dich 2
UP:  1 9 12 15 6 11 7 0 13 10 2 5 3 14 8 4 
LEFT:  1 9 12 15 6 11 0 7 13 10 2 5 3 14 8 4 
DOWN:  1 9 12 15 6 11 2 7 13 10 0 5 3 14 8 4 
LEFT:  1 9 12 15 6 11 2 7 13 0 10 5 3 14 8 4 
UP:  1 9 12 15 6 0 2 7 13 11 10 5 3 14 8 4 
RIGHT:  1 9 12 15 6 2 0 7 13 11 10 5 3 14 8 4 
UP:  1 9 0 15 6 2 12 7 13 11 10 5 3 14 8 4 
LEFT:  1 0 9 15 6 2 12 7 13 11 10 5 3 14 8 4 
DOWN:  1 2 9 15 6 0 12 7 13 11 10 5 3 14 8 4 
Bat dau tim kiem 3
DOWN:  1 2 9 15 6 11 12 7 13 0 10 5 3 14 8 4 
DOWN:  1 2 9 15 6 11 12 7 13 14 10 5 3 0 8 4 
LEFT:  1 2 9 15 6 11 12 7 13 14 10 5 0 3 8 4 
bat dau tim trang thai dich 3
UP:  1 2 9 15 6 11 12 7 0 14 10 5 13 3 8 4 
RIGHT:  1 2 9 15 6 11 12 7 14 0 10 5 13 3 8 4 
DOWN:  1 2 9 15 6 11 12 7 14 3 10 5 13 0 8 4 
RIGHT:  1 2 9 15 6 11 12 7 14 3 10 5 13 8 0 4 
UP:  1 2 9 15 6 11 12 7 14 3 0 5 13 8 10 4 
LEFT:  1 2 9 15 6 11 12 7 14 0 3 5 13 8 10 4 
UP:  1 2 9 15 6 0 12 7 14 11 3 5 13 8 10 4 
RIGHT:  1 2 9 15 6 12 0 7 14 11 3 5 13 8 10 4 
DOWN:  1 2 9 15 6 12 3 7 14 11 0 5 13 8 10 4 
RIGHT:  1 2 9 15 6 12 3 7 14 11 5 0 13 8 10 4 
UP:  1 2 9 15 6 12 3 0 14 11 5 7 13 8 10 4 
UP:  1 2 9 0 6 12 3 15 14 11 5 7 13 8 10 4 
LEFT:  1 2 0 9 6 12 3 15 14 11 5 7 13 8 10 4 
DOWN:  1 2 3 9 6 12 0 15 14 11 5 7 13 8 10 4 
Bat dau tim kiem 4
DOWN:  1 2 3 9 6 12 5 15 14 11 0 7 13 8 10 4 
DOWN:  1 2 3 9 6 12 5 15 14 11 10 7 13 8 0 4 
RIGHT:  1 2 3 9 6 12 5 15 14 11 10 7 13 8 4 0 
dua bai toan ve dang corner4
LEFT:  1 2 3 9 6 12 5 15 14 11 10 7 13 8 0 4 
UP:  1 2 3 9 6 12 5 15 14 11 0 7 13 8 10 4 
RIGHT:  1 2 3 9 6 12 5 15 14 11 7 0 13 8 10 4 
DOWN:  1 2 3 9 6 12 5 15 14 11 7 4 13 8 10 0 
LEFT:  1 2 3 9 6 12 5 15 14 11 7 4 13 8 0 10 
UP:  1 2 3 9 6 12 5 15 14 11 0 4 13 8 7 10 
UP:  1 2 3 9 6 12 0 15 14 11 5 4 13 8 7 10 
RIGHT:  1 2 3 9 6 12 15 0 14 11 5 4 13 8 7 10 
DOWN:  1 2 3 9 6 12 15 4 14 11 5 0 13 8 7 10 
Xac dinh bai toan corner
UP:  1 2 3 9 6 12 15 0 14 11 5 4 13 8 7 10 
LEFT:  1 2 3 9 6 12 0 15 14 11 5 4 13 8 7 10 
UP:  1 2 0 9 6 12 3 15 14 11 5 4 13 8 7 10 
RIGHT:  1 2 9 0 6 12 3 15 14 11 5 4 13 8 7 10 
DOWN:  1 2 9 15 6 12 3 0 14 11 5 4 13 8 7 10 
LEFT:  1 2 9 15 6 12 0 3 14 11 5 4 13 8 7 10 
UP:  1 2 0 15 6 12 9 3 14 11 5 4 13 8 7 10 
RIGHT:  1 2 15 0 6 12 9 3 14 11 5 4 13 8 7 10 
DOWN:  1 2 15 3 6 12 9 0 14 11 5 4 13 8 7 10 
DOWN:  1 2 15 3 6 12 9 4 14 11 5 0 13 8 7 10 
LEFT:  1 2 15 3 6 12 9 4 14 11 0 5 13 8 7 10 
UP:  1 2 15 3 6 12 0 4 14 11 9 5 13 8 7 10 
UP:  1 2 0 3 6 12 15 4 14 11 9 5 13 8 7 10 
RIGHT:  1 2 3 0 6 12 15 4 14 11 9 5 13 8 7 10 
DOWN:  1 2 3 4 6 12 15 0 14 11 9 5 13 8 7 10 
bat dau tim trang thai dich 4
Bat dau tim kiem 5
DOWN:  1 2 3 4 6 12 15 5 14 11 9 0 13 8 7 10 
bat dau tim trang thai dich 5
LEFT:  1 2 3 4 6 12 15 5 14 11 0 9 13 8 7 10 
UP:  1 2 3 4 6 12 0 5 14 11 15 9 13 8 7 10 
RIGHT:  1 2 3 4 6 12 5 0 14 11 15 9 13 8 7 10 
DOWN:  1 2 3 4 6 12 5 9 14 11 15 0 13 8 7 10 
LEFT:  1 2 3 4 6 12 5 9 14 11 0 15 13 8 7 10 
LEFT:  1 2 3 4 6 12 5 9 14 0 11 15 13 8 7 10 
UP:  1 2 3 4 6 0 5 9 14 12 11 15 13 8 7 10 
RIGHT:  1 2 3 4 6 5 0 9 14 12 11 15 13 8 7 10 
DOWN:  1 2 3 4 6 5 11 9 14 12 0 15 13 8 7 10 
LEFT:  1 2 3 4 6 5 11 9 14 0 12 15 13 8 7 10 
LEFT:  1 2 3 4 6 5 11 9 0 14 12 15 13 8 7 10 
UP:  1 2 3 4 0 5 11 9 6 14 12 15 13 8 7 10 
RIGHT:  1 2 3 4 5 0 11 9 6 14 12 15 13 8 7 10 
Bat dau tim kiem 9
RIGHT:  1 2 3 4 5 11 0 9 6 14 12 15 13 8 7 10 
RIGHT:  1 2 3 4 5 11 9 0 6 14 12 15 13 8 7 10 
bat dau tim trang thai dich 9
DOWN:  1 2 3 4 5 11 9 15 6 14 12 0 13 8 7 10 
LEFT:  1 2 3 4 5 11 9 15 6 14 0 12 13 8 7 10 
UP:  1 2 3 4 5 11 0 15 6 14 9 12 13 8 7 10 
LEFT:  1 2 3 4 5 0 11 15 6 14 9 12 13 8 7 10 
DOWN:  1 2 3 4 5 14 11 15 6 0 9 12 13 8 7 10 
RIGHT:  1 2 3 4 5 14 11 15 6 9 0 12 13 8 7 10 
DOWN:  1 2 3 4 5 14 11 15 6 9 7 12 13 8 0 10 
LEFT:  1 2 3 4 5 14 11 15 6 9 7 12 13 0 8 10 
LEFT:  1 2 3 4 5 14 11 15 6 9 7 12 0 13 8 10 
UP:  1 2 3 4 5 14 11 15 0 9 7 12 6 13 8 10 
RIGHT:  1 2 3 4 5 14 11 15 9 0 7 12 6 13 8 10 
Bat dau tim kiem 13
DOWN:  1 2 3 4 5 14 11 15 9 13 7 12 6 0 8 10 
dua bai toan ve dang corner doc13
UP:  1 2 3 4 5 14 11 15 9 0 7 12 6 13 8 10 
RIGHT:  1 2 3 4 5 14 11 15 9 7 0 12 6 13 8 10 
DOWN:  1 2 3 4 5 14 11 15 9 7 8 12 6 13 0 10 
Xac dinh bai toan corner doc
LEFT:  1 2 3 4 5 14 11 15 9 7 8 12 6 0 13 10 
UP:  1 2 3 4 5 14 11 15 9 0 8 12 6 7 13 10 
LEFT:  1 2 3 4 5 14 11 15 0 9 8 12 6 7 13 10 
DOWN:  1 2 3 4 5 14 11 15 6 9 8 12 0 7 13 10 
RIGHT:  1 2 3 4 5 14 11 15 6 9 8 12 7 0 13 10 
UP:  1 2 3 4 5 14 11 15 6 0 8 12 7 9 13 10 
LEFT:  1 2 3 4 5 14 11 15 0 6 8 12 7 9 13 10 
DOWN:  1 2 3 4 5 14 11 15 7 6 8 12 0 9 13 10 
RIGHT:  1 2 3 4 5 14 11 15 7 6 8 12 9 0 13 10 
RIGHT:  1 2 3 4 5 14 11 15 7 6 8 12 9 13 0 10 
UP:  1 2 3 4 5 14 11 15 7 6 0 12 9 13 8 10 
LEFT:  1 2 3 4 5 14 11 15 7 0 6 12 9 13 8 10 
LEFT:  1 2 3 4 5 14 11 15 0 7 6 12 9 13 8 10 
DOWN:  1 2 3 4 5 14 11 15 9 7 6 12 0 13 8 10 
RIGHT:  1 2 3 4 5 14 11 15 9 7 6 12 13 0 8 10 
bat dau tim trang thai dich 13
Bat dau tim kiem 6
RIGHT:  1 2 3 4 5 14 11 15 9 7 6 12 13 8 0 10 
UP:  1 2 3 4 5 14 11 15 9 7 0 12 13 8 6 10 
bat dau tim trang thai dich 6
DOWN:  1 2 3 4 5 14 11 15 9 7 6 12 13 8 0 10 
LEFT:  1 2 3 4 5 14 11 15 9 7 6 12 13 0 8 10 
UP:  1 2 3 4 5 14 11 15 9 0 6 12 13 7 8 10 
RIGHT:  1 2 3 4 5 14 11 15 9 6 0 12 13 7 8 10 
UP:  1 2 3 4 5 14 0 15 9 6 11 12 13 7 8 10 
LEFT:  1 2 3 4 5 0 14 15 9 6 11 12 13 7 8 10 
DOWN:  1 2 3 4 5 6 14 15 9 0 11 12 13 7 8 10 
Bat dau tim kiem 7
DOWN:  1 2 3 4 5 6 14 15 9 7 11 12 13 0 8 10 
bat dau tim trang thai dich 7
RIGHT:  1 2 3 4 5 6 14 15 9 7 11 12 13 8 0 10 
UP:  1 2 3 4 5 6 14 15 9 7 0 12 13 8 11 10 
LEFT:  1 2 3 4 5 6 14 15 9 0 7 12 13 8 11 10 
DOWN:  1 2 3 4 5 6 14 15 9 8 7 12 13 0 11 10 
RIGHT:  1 2 3 4 5 6 14 15 9 8 7 12 13 11 0 10 
RIGHT:  1 2 3 4 5 6 14 15 9 8 7 12 13 11 10 0 
UP:  1 2 3 4 5 6 14 15 9 8 7 0 13 11 10 12 
UP:  1 2 3 4 5 6 14 0 9 8 7 15 13 11 10 12 
LEFT:  1 2 3 4 5 6 0 14 9 8 7 15 13 11 10 12 
DOWN:  1 2 3 4 5 6 7 14 9 8 0 15 13 11 10 12 
Bat dau tim kiem 8
LEFT:  1 2 3 4 5 6 7 14 9 0 8 15 13 11 10 12 
dua bai toan ve dang corner8
DOWN:  1 2 3 4 5 6 7 14 9 11 8 15 13 0 10 12 
RIGHT:  1 2 3 4 5 6 7 14 9 11 8 15 13 10 0 12 
RIGHT:  1 2 3 4 5 6 7 14 9 11 8 15 13 10 12 0 
UP:  1 2 3 4 5 6 7 14 9 11 8 0 13 10 12 15 
LEFT:  1 2 3 4 5 6 7 14 9 11 0 8 13 10 12 15 
DOWN:  1 2 3 4 5 6 7 14 9 11 12 8 13 10 0 15 
RIGHT:  1 2 3 4 5 6 7 14 9 11 12 8 13 10 15 0 
Xac dinh bai toan corner
UP:  1 2 3 4 5 6 7 14 9 11 12 0 13 10 15 8 
LEFT:  1 2 3 4 5 6 7 14 9 11 0 12 13 10 15 8 
UP:  1 2 3 4 5 6 0 14 9 11 7 12 13 10 15 8 
RIGHT:  1 2 3 4 5 6 14 0 9 11 7 12 13 10 15 8 
DOWN:  1 2 3 4 5 6 14 12 9 11 7 0 13 10 15 8 
LEFT:  1 2 3 4 5 6 14 12 9 11 0 7 13 10 15 8 
UP:  1 2 3 4 5 6 0 12 9 11 14 7 13 10 15 8 
RIGHT:  1 2 3 4 5 6 12 0 9 11 14 7 13 10 15 8 
DOWN:  1 2 3 4 5 6 12 7 9 11 14 0 13 10 15 8 
DOWN:  1 2 3 4 5 6 12 7 9 11 14 8 13 10 15 0 
LEFT:  1 2 3 4 5 6 12 7 9 11 14 8 13 10 0 15 
UP:  1 2 3 4 5 6 12 7 9 11 0 8 13 10 14 15 
UP:  1 2 3 4 5 6 0 7 9 11 12 8 13 10 14 15 
RIGHT:  1 2 3 4 5 6 7 0 9 11 12 8 13 10 14 15 
DOWN:  1 2 3 4 5 6 7 8 9 11 12 0 13 10 14 15 
bat dau tim trang thai dich 8
Bat dau tim kiem 10
DOWN:  1 2 3 4 5 6 7 8 9 11 12 15 13 10 14 0 
LEFT:  1 2 3 4 5 6 7 8 9 11 12 15 13 10 0 14 
LEFT:  1 2 3 4 5 6 7 8 9 11 12 15 13 0 10 14 
bat dau tim trang thai dich 10
RIGHT:  1 2 3 4 5 6 7 8 9 11 12 15 13 10 0 14 
UP:  1 2 3 4 5 6 7 8 9 11 0 15 13 10 12 14 
LEFT:  1 2 3 4 5 6 7 8 9 0 11 15 13 10 12 14 
DOWN:  1 2 3 4 5 6 7 8 9 10 11 15 13 0 12 14 
Bat dau tim kiem 14
RIGHT:  1 2 3 4 5 6 7 8 9 10 11 15 13 12 0 14 
RIGHT:  1 2 3 4 5 6 7 8 9 10 11 15 13 12 14 0 
dua bai toan ve dang corner doc14
UP:  1 2 3 4 5 6 7 8 9 10 11 0 13 12 14 15 
DOWN:  1 2 3 4 5 6 7 8 9 10 11 15 13 12 14 0 
Xac dinh bai toan corner doc
LEFT:  1 2 3 4 5 6 7 8 9 10 11 15 13 12 0 14 
UP:  1 2 3 4 5 6 7 8 9 10 0 15 13 12 11 14 
LEFT:  1 2 3 4 5 6 7 8 9 0 10 15 13 12 11 14 
DOWN:  1 2 3 4 5 6 7 8 9 12 10 15 13 0 11 14 
RIGHT:  1 2 3 4 5 6 7 8 9 12 10 15 13 11 0 14 
UP:  1 2 3 4 5 6 7 8 9 12 0 15 13 11 10 14 
LEFT:  1 2 3 4 5 6 7 8 9 0 12 15 13 11 10 14 
DOWN:  1 2 3 4 5 6 7 8 9 11 12 15 13 0 10 14 
RIGHT:  1 2 3 4 5 6 7 8 9 11 12 15 13 10 0 14 
RIGHT:  1 2 3 4 5 6 7 8 9 11 12 15 13 10 14 0 
UP:  1 2 3 4 5 6 7 8 9 11 12 0 13 10 14 15 
LEFT:  1 2 3 4 5 6 7 8 9 11 0 12 13 10 14 15 
LEFT:  1 2 3 4 5 6 7 8 9 0 11 12 13 10 14 15 
DOWN:  1 2 3 4 5 6 7 8 9 10 11 12 13 0 14 15 
RIGHT:  1 2 3 4 5 6 7 8 9 10 11 12 13 14 0 15 
bat dau tim trang thai dich 14
bat dau tim trang thai dich 11
bat dau tim trang thai dich 12
Bat dau tim kiem 15
RIGHT:  1 2 3 4 5 6 7 8 9 10 11 12 13 14 15 0 
bat dau tim trang thai dich 15
UP:  1 2 3 4 5 6 7 8 9 10 11 0 13 14 15 12 
DOWN:  1 2 3 4 5 6 7 8 9 10 11 12 13 14 15 0 
