Proble
11 13 8 10 18 1 17 7 20 16 24 15 14 2 23 19 22 21 12 6 5 0 9 4 3 
Bat dau tim kiem 1
UP:  11 13 8 10 18 1 17 7 20 16 24 15 14 2 23 19 0 21 12 6 5 22 9 4 3 
UP:  11 13 8 10 18 1 17 7 20 16 24 0 14 2 23 19 15 21 12 6 5 22 9 4 3 
UP:  11 13 8 10 18 1 0 7 20 16 24 17 14 2 23 19 15 21 12 6 5 22 9 4 3 
LEFT:  11 13 8 10 18 0 1 7 20 16 24 17 14 2 23 19 15 21 12 6 5 22 9 4 3 
bat dau tim trang thai dich 1
RIGHT:  11 13 8 10 18 1 0 7 20 16 24 17 14 2 23 19 15 21 12 6 5 22 9 4 3 
UP:  11 0 8 10 18 1 13 7 20 16 24 17 14 2 23 19 15 21 12 6 5 22 9 4 3 
LEFT:  0 11 8 10 18 1 13 7 20 16 24 17 14 2 23 19 15 21 12 6 5 22 9 4 3 
DOWN:  1 11 8 10 18 0 13 7 20 16 24 17 14 2 23 19 15 21 12 6 5 22 9 4 3 
Bat dau tim kiem 2
DOWN:  1 11 8 10 18 24 13 7 20 16 0 17 14 2 23 19 15 21 12 6 5 22 9 4 3 
RIGHT:  1 11 8 10 18 24 13 7 20 16 17 0 14 2 23 19 15 21 12 6 5 22 9 4 3 
RIGHT:  1 11 8 10 18 24 13 7 20 16 17 14 0 2 23 19 15 21 12 6 5 22 9 4 3 
RIGHT:  1 11 8 10 18 24 13 7 20 16 17 14 2 0 23 19 15 21 12 6 5 22 9 4 3 
bat dau tim trang thai dich 2
UP:  1 11 8 10 18 24 13 7 0 16 17 14 2 20 23 19 15 21 12 6 5 22 9 4 3 
LEFT:  1 11 8 10 18 24 13 0 7 16 17 14 2 20 23 19 15 21 12 6 5 22 9 4 3 
DOWN:  1 11 8 10 18 24 13 2 7 16 17 14 0 20 23 19 15 21 12 6 5 22 9 4 3 
LEFT:  1 11 8 10 18 24 13 2 7 16 17 0 14 20 23 19 15 21 12 6 5 22 9 4 3 
UP:  1 11 8 10 18 24 0 2 7 16 17 13 14 20 23 19 15 21 12 6 5 22 9 4 3 
RIGHT:  1 11 8 10 18 24 2 0 7 16 17 13 14 20 23 19 15 21 12 6 5 22 9 4 3 
UP:  1 11 0 10 18 24 2 8 7 16 17 13 14 20 23 19 15 21 12 6 5 22 9 4 3 
LEFT:  1 0 11 10 18 24 2 8 7 16 17 13 14 20 23 19 15 21 12 6 5 22 9 4 3 
DOWN:  1 2 11 10 18 24 0 8 7 16 17 13 14 20 23 19 15 21 12 6 5 22 9 4 3 
Bat dau tim kiem 3
DOWN:  1 2 11 10 18 24 13 8 7 16 17 0 14 20 23 19 15 21 12 6 5 22 9 4 3 
DOWN:  1 2 11 10 18 24 13 8 7 16 17 15 14 20 23 19 0 21 12 6 5 22 9 4 3 
DOWN:  1 2 11 10 18 24 13 8 7 16 17 15 14 20 23 19 22 21 12 6 5 0 9 4 3 
RIGHT:  1 2 11 10 18 24 13 8 7 16 17 15 14 20 23 19 22 21 12 6 5 9 0 4 3 
RIGHT:  1 2 11 10 18 24 13 8 7 16 17 15 14 20 23 19 22 21 12 6 5 9 4 0 3 
RIGHT:  1 2 11 10 18 24 13 8 7 16 17 15 14 20 23 19 22 21 12 6 5 9 4 3 0 
bat dau tim trang thai dich 3
UP:  1 2 11 10 18 24 13 8 7 16 17 15 14 20 23 19 22 21 12 0 5 9 4 3 6 
LEFT:  1 2 11 10 18 24 13 8 7 16 17 15 14 20 23 19 22 21 0 12 5 9 4 3 6 
DOWN:  1 2 11 10 18 24 13 8 7 16 17 15 14 20 23 19 22 21 3 12 5 9 4 0 6 
LEFT:  1 2 11 10 18 24 13 8 7 16 17 15 14 20 23 19 22 21 3 12 5 9 0 4 6 
UP:  1 2 11 10 18 24 13 8 7 16 17 15 14 20 23 19 22 0 3 12 5 9 21 4 6 
RIGHT:  1 2 11 10 18 24 13 8 7 16 17 15 14 20 23 19 22 3 0 12 5 9 21 4 6 
UP:  1 2 11 10 18 24 13 8 7 16 17 15 14 0 23 19 22 3 20 12 5 9 21 4 6 
LEFT:  1 2 11 10 18 24 13 8 7 16 17 15 0 14 23 19 22 3 20 12 5 9 21 4 6 
DOWN:  1 2 11 10 18 24 13 8 7 16 17 15 3 14 23 19 22 0 20 12 5 9 21 4 6 
RIGHT:  1 2 11 10 18 24 13 8 7 16 17 15 3 14 23 19 22 20 0 12 5 9 21 4 6 
UP:  1 2 11 10 18 24 13 8 7 16 17 15 3 0 23 19 22 20 14 12 5 9 21 4 6 
UP:  1 2 11 10 18 24 13 8 0 16 17 15 3 7 23 19 22 20 14 12 5 9 21 4 6 
LEFT:  1 2 11 10 18 24 13 0 8 16 17 15 3 7 23 19 22 20 14 12 5 9 21 4 6 
DOWN:  1 2 11 10 18 24 13 3 8 16 17 15 0 7 23 19 22 20 14 12 5 9 21 4 6 
RIGHT:  1 2 11 10 18 24 13 3 8 16 17 15 7 0 23 19 22 20 14 12 5 9 21 4 6 
UP:  1 2 11 10 18 24 13 3 0 16 17 15 7 8 23 19 22 20 14 12 5 9 21 4 6 
UP:  1 2 11 0 18 24 13 3 10 16 17 15 7 8 23 19 22 20 14 12 5 9 21 4 6 
LEFT:  1 2 0 11 18 24 13 3 10 16 17 15 7 8 23 19 22 20 14 12 5 9 21 4 6 
DOWN:  1 2 3 11 18 24 13 0 10 16 17 15 7 8 23 19 22 20 14 12 5 9 21 4 6 
Bat dau tim kiem 4
DOWN:  1 2 3 11 18 24 13 7 10 16 17 15 0 8 23 19 22 20 14 12 5 9 21 4 6 
DOWN:  1 2 3 11 18 24 13 7 10 16 17 15 20 8 23 19 22 0 14 12 5 9 21 4 6 
DOWN:  1 2 3 11 18 24 13 7 10 16 17 15 20 8 23 19 22 21 14 12 5 9 0 4 6 
RIGHT:  1 2 3 11 18 24 13 7 10 16 17 15 20 8 23 19 22 21 14 12 5 9 4 0 6 
bat dau tim trang thai dich 4
LEFT:  1 2 3 11 18 24 13 7 10 16 17 15 20 8 23 19 22 21 14 12 5 9 0 4 6 
UP:  1 2 3 11 18 24 13 7 10 16 17 15 20 8 23 19 22 0 14 12 5 9 21 4 6 
RIGHT:  1 2 3 11 18 24 13 7 10 16 17 15 20 8 23 19 22 14 0 12 5 9 21 4 6 
DOWN:  1 2 3 11 18 24 13 7 10 16 17 15 20 8 23 19 22 14 4 12 5 9 21 0 6 
RIGHT:  1 2 3 11 18 24 13 7 10 16 17 15 20 8 23 19 22 14 4 12 5 9 21 6 0 
UP:  1 2 3 11 18 24 13 7 10 16 17 15 20 8 23 19 22 14 4 0 5 9 21 6 12 
UP:  1 2 3 11 18 24 13 7 10 16 17 15 20 8 0 19 22 14 4 23 5 9 21 6 12 
LEFT:  1 2 3 11 18 24 13 7 10 16 17 15 20 0 8 19 22 14 4 23 5 9 21 6 12 
DOWN:  1 2 3 11 18 24 13 7 10 16 17 15 20 4 8 19 22 14 0 23 5 9 21 6 12 
LEFT:  1 2 3 11 18 24 13 7 10 16 17 15 20 4 8 19 22 0 14 23 5 9 21 6 12 
UP:  1 2 3 11 18 24 13 7 10 16 17 15 0 4 8 19 22 20 14 23 5 9 21 6 12 
UP:  1 2 3 11 18 24 13 0 10 16 17 15 7 4 8 19 22 20 14 23 5 9 21 6 12 
RIGHT:  1 2 3 11 18 24 13 10 0 16 17 15 7 4 8 19 22 20 14 23 5 9 21 6 12 
DOWN:  1 2 3 11 18 24 13 10 4 16 17 15 7 0 8 19 22 20 14 23 5 9 21 6 12 
RIGHT:  1 2 3 11 18 24 13 10 4 16 17 15 7 8 0 19 22 20 14 23 5 9 21 6 12 
UP:  1 2 3 11 18 24 13 10 4 0 17 15 7 8 16 19 22 20 14 23 5 9 21 6 12 
UP:  1 2 3 11 0 24 13 10 4 18 17 15 7 8 16 19 22 20 14 23 5 9 21 6 12 
LEFT:  1 2 3 0 11 24 13 10 4 18 17 15 7 8 16 19 22 20 14 23 5 9 21 6 12 
DOWN:  1 2 3 4 11 24 13 10 0 18 17 15 7 8 16 19 22 20 14 23 5 9 21 6 12 
Bat dau tim kiem 5
DOWN:  1 2 3 4 11 24 13 10 8 18 17 15 7 0 16 19 22 20 14 23 5 9 21 6 12 
DOWN:  1 2 3 4 11 24 13 10 8 18 17 15 7 14 16 19 22 20 0 23 5 9 21 6 12 
DOWN:  1 2 3 4 11 24 13 10 8 18 17 15 7 14 16 19 22 20 6 23 5 9 21 0 12 
LEFT:  1 2 3 4 11 24 13 10 8 18 17 15 7 14 16 19 22 20 6 23 5 9 0 21 12 
LEFT:  1 2 3 4 11 24 13 10 8 18 17 15 7 14 16 19 22 20 6 23 5 0 9 21 12 
LEFT:  1 2 3 4 11 24 13 10 8 18 17 15 7 14 16 19 22 20 6 23 0 5 9 21 12 
dua bai toan ve dang corner5
UP:  1 2 3 4 11 24 13 10 8 18 17 15 7 14 16 0 22 20 6 23 19 5 9 21 12 
RIGHT:  1 2 3 4 11 24 13 10 8 18 17 15 7 14 16 22 0 20 6 23 19 5 9 21 12 
DOWN:  1 2 3 4 11 24 13 10 8 18 17 15 7 14 16 22 5 20 6 23 19 0 9 21 12 
RIGHT:  1 2 3 4 11 24 13 10 8 18 17 15 7 14 16 22 5 20 6 23 19 9 0 21 12 
UP:  1 2 3 4 11 24 13 10 8 18 17 15 7 14 16 22 5 0 6 23 19 9 20 21 12 
LEFT:  1 2 3 4 11 24 13 10 8 18 17 15 7 14 16 22 0 5 6 23 19 9 20 21 12 
UP:  1 2 3 4 11 24 13 10 8 18 17 0 7 14 16 22 15 5 6 23 19 9 20 21 12 
RIGHT:  1 2 3 4 11 24 13 10 8 18 17 7 0 14 16 22 15 5 6 23 19 9 20 21 12 
DOWN:  1 2 3 4 11 24 13 10 8 18 17 7 5 14 16 22 15 0 6 23 19 9 20 21 12 
RIGHT:  1 2 3 4 11 24 13 10 8 18 17 7 5 14 16 22 15 6 0 23 19 9 20 21 12 
UP:  1 2 3 4 11 24 13 10 8 18 17 7 5 0 16 22 15 6 14 23 19 9 20 21 12 
LEFT:  1 2 3 4 11 24 13 10 8 18 17 7 0 5 16 22 15 6 14 23 19 9 20 21 12 
UP:  1 2 3 4 11 24 13 0 8 18 17 7 10 5 16 22 15 6 14 23 19 9 20 21 12 
RIGHT:  1 2 3 4 11 24 13 8 0 18 17 7 10 5 16 22 15 6 14 23 19 9 20 21 12 
DOWN:  1 2 3 4 11 24 13 8 5 18 17 7 10 0 16 22 15 6 14 23 19 9 20 21 12 
RIGHT:  1 2 3 4 11 24 13 8 5 18 17 7 10 16 0 22 15 6 14 23 19 9 20 21 12 
UP:  1 2 3 4 11 24 13 8 5 0 17 7 10 16 18 22 15 6 14 23 19 9 20 21 12 
LEFT:  1 2 3 4 11 24 13 8 0 5 17 7 10 16 18 22 15 6 14 23 19 9 20 21 12 
DOWN:  1 2 3 4 11 24 13 8 16 5 17 7 10 0 18 22 15 6 14 23 19 9 20 21 12 
RIGHT:  1 2 3 4 11 24 13 8 16 5 17 7 10 18 0 22 15 6 14 23 19 9 20 21 12 
Xac dinh bai toan corner
UP:  1 2 3 4 11 24 13 8 16 0 17 7 10 18 5 22 15 6 14 23 19 9 20 21 12 
LEFT:  1 2 3 4 11 24 13 8 0 16 17 7 10 18 5 22 15 6 14 23 19 9 20 21 12 
UP:  1 2 3 0 11 24 13 8 4 16 17 7 10 18 5 22 15 6 14 23 19 9 20 21 12 
RIGHT:  1 2 3 11 0 24 13 8 4 16 17 7 10 18 5 22 15 6 14 23 19 9 20 21 12 
DOWN:  1 2 3 11 16 24 13 8 4 0 17 7 10 18 5 22 15 6 14 23 19 9 20 21 12 
LEFT:  1 2 3 11 16 24 13 8 0 4 17 7 10 18 5 22 15 6 14 23 19 9 20 21 12 
UP:  1 2 3 0 16 24 13 8 11 4 17 7 10 18 5 22 15 6 14 23 19 9 20 21 12 
RIGHT:  1 2 3 16 0 24 13 8 11 4 17 7 10 18 5 22 15 6 14 23 19 9 20 21 12 
DOWN:  1 2 3 16 4 24 13 8 11 0 17 7 10 18 5 22 15 6 14 23 19 9 20 21 12 
DOWN:  1 2 3 16 4 24 13 8 11 5 17 7 10 18 0 22 15 6 14 23 19 9 20 21 12 
LEFT:  1 2 3 16 4 24 13 8 11 5 17 7 10 0 18 22 15 6 14 23 19 9 20 21 12 
UP:  1 2 3 16 4 24 13 8 0 5 17 7 10 11 18 22 15 6 14 23 19 9 20 21 12 
UP:  1 2 3 0 4 24 13 8 16 5 17 7 10 11 18 22 15 6 14 23 19 9 20 21 12 
RIGHT:  1 2 3 4 0 24 13 8 16 5 17 7 10 11 18 22 15 6 14 23 19 9 20 21 12 
DOWN:  1 2 3 4 5 24 13 8 16 0 17 7 10 11 18 22 15 6 14 23 19 9 20 21 12 
bat dau tim trang thai dich 5
Bat dau tim kiem 6
DOWN:  1 2 3 4 5 24 13 8 16 18 17 7 10 11 0 22 15 6 14 23 19 9 20 21 12 
DOWN:  1 2 3 4 5 24 13 8 16 18 17 7 10 11 23 22 15 6 14 0 19 9 20 21 12 
LEFT:  1 2 3 4 5 24 13 8 16 18 17 7 10 11 23 22 15 6 0 14 19 9 20 21 12 
LEFT:  1 2 3 4 5 24 13 8 16 18 17 7 10 11 23 22 15 0 6 14 19 9 20 21 12 
bat dau tim trang thai dich 6
RIGHT:  1 2 3 4 5 24 13 8 16 18 17 7 10 11 23 22 15 6 0 14 19 9 20 21 12 
UP:  1 2 3 4 5 24 13 8 16 18 17 7 10 0 23 22 15 6 11 14 19 9 20 21 12 
LEFT:  1 2 3 4 5 24 13 8 16 18 17 7 0 10 23 22 15 6 11 14 19 9 20 21 12 
DOWN:  1 2 3 4 5 24 13 8 16 18 17 7 6 10 23 22 15 0 11 14 19 9 20 21 12 
LEFT:  1 2 3 4 5 24 13 8 16 18 17 7 6 10 23 22 0 15 11 14 19 9 20 21 12 
UP:  1 2 3 4 5 24 13 8 16 18 17 0 6 10 23 22 7 15 11 14 19 9 20 21 12 
RIGHT:  1 2 3 4 5 24 13 8 16 18 17 6 0 10 23 22 7 15 11 14 19 9 20 21 12 
UP:  1 2 3 4 5 24 13 0 16 18 17 6 8 10 23 22 7 15 11 14 19 9 20 21 12 
LEFT:  1 2 3 4 5 24 0 13 16 18 17 6 8 10 23 22 7 15 11 14 19 9 20 21 12 
DOWN:  1 2 3 4 5 24 6 13 16 18 17 0 8 10 23 22 7 15 11 14 19 9 20 21 12 
LEFT:  1 2 3 4 5 24 6 13 16 18 0 17 8 10 23 22 7 15 11 14 19 9 20 21 12 
UP:  1 2 3 4 5 0 6 13 16 18 24 17 8 10 23 22 7 15 11 14 19 9 20 21 12 
RIGHT:  1 2 3 4 5 6 0 13 16 18 24 17 8 10 23 22 7 15 11 14 19 9 20 21 12 
Bat dau tim kiem 11
DOWN:  1 2 3 4 5 6 17 13 16 18 24 0 8 10 23 22 7 15 11 14 19 9 20 21 12 
DOWN:  1 2 3 4 5 6 17 13 16 18 24 7 8 10 23 22 0 15 11 14 19 9 20 21 12 
RIGHT:  1 2 3 4 5 6 17 13 16 18 24 7 8 10 23 22 15 0 11 14 19 9 20 21 12 
RIGHT:  1 2 3 4 5 6 17 13 16 18 24 7 8 10 23 22 15 11 0 14 19 9 20 21 12 
bat dau tim trang thai dich 11
UP:  1 2 3 4 5 6 17 13 16 18 24 7 8 0 23 22 15 11 10 14 19 9 20 21 12 
LEFT:  1 2 3 4 5 6 17 13 16 18 24 7 0 8 23 22 15 11 10 14 19 9 20 21 12 
DOWN:  1 2 3 4 5 6 17 13 16 18 24 7 11 8 23 22 15 0 10 14 19 9 20 21 12 
LEFT:  1 2 3 4 5 6 17 13 16 18 24 7 11 8 23 22 0 15 10 14 19 9 20 21 12 
UP:  1 2 3 4 5 6 17 13 16 18 24 0 11 8 23 22 7 15 10 14 19 9 20 21 12 
RIGHT:  1 2 3 4 5 6 17 13 16 18 24 11 0 8 23 22 7 15 10 14 19 9 20 21 12 
DOWN:  1 2 3 4 5 6 17 13 16 18 24 11 15 8 23 22 7 0 10 14 19 9 20 21 12 
LEFT:  1 2 3 4 5 6 17 13 16 18 24 11 15 8 23 22 0 7 10 14 19 9 20 21 12 
LEFT:  1 2 3 4 5 6 17 13 16 18 24 11 15 8 23 0 22 7 10 14 19 9 20 21 12 
UP:  1 2 3 4 5 6 17 13 16 18 0 11 15 8 23 24 22 7 10 14 19 9 20 21 12 
RIGHT:  1 2 3 4 5 6 17 13 16 18 11 0 15 8 23 24 22 7 10 14 19 9 20 21 12 
Bat dau tim kiem 16
RIGHT:  1 2 3 4 5 6 17 13 16 18 11 15 0 8 23 24 22 7 10 14 19 9 20 21 12 
RIGHT:  1 2 3 4 5 6 17 13 16 18 11 15 8 0 23 24 22 7 10 14 19 9 20 21 12 
UP:  1 2 3 4 5 6 17 13 0 18 11 15 8 16 23 24 22 7 10 14 19 9 20 21 12 
bat dau tim trang thai dich 16
LEFT:  1 2 3 4 5 6 17 0 13 18 11 15 8 16 23 24 22 7 10 14 19 9 20 21 12 
DOWN:  1 2 3 4 5 6 17 8 13 18 11 15 0 16 23 24 22 7 10 14 19 9 20 21 12 
RIGHT:  1 2 3 4 5 6 17 8 13 18 11 15 16 0 23 24 22 7 10 14 19 9 20 21 12 
DOWN:  1 2 3 4 5 6 17 8 13 18 11 15 16 10 23 24 22 7 0 14 19 9 20 21 12 
LEFT:  1 2 3 4 5 6 17 8 13 18 11 15 16 10 23 24 22 0 7 14 19 9 20 21 12 
UP:  1 2 3 4 5 6 17 8 13 18 11 15 0 10 23 24 22 16 7 14 19 9 20 21 12 
LEFT:  1 2 3 4 5 6 17 8 13 18 11 0 15 10 23 24 22 16 7 14 19 9 20 21 12 
DOWN:  1 2 3 4 5 6 17 8 13 18 11 22 15 10 23 24 0 16 7 14 19 9 20 21 12 
RIGHT:  1 2 3 4 5 6 17 8 13 18 11 22 15 10 23 24 16 0 7 14 19 9 20 21 12 
DOWN:  1 2 3 4 5 6 17 8 13 18 11 22 15 10 23 24 16 20 7 14 19 9 0 21 12 
LEFT:  1 2 3 4 5 6 17 8 13 18 11 22 15 10 23 24 16 20 7 14 19 0 9 21 12 
LEFT:  1 2 3 4 5 6 17 8 13 18 11 22 15 10 23 24 16 20 7 14 0 19 9 21 12 
UP:  1 2 3 4 5 6 17 8 13 18 11 22 15 10 23 0 16 20 7 14 24 19 9 21 12 
RIGHT:  1 2 3 4 5 6 17 8 13 18 11 22 15 10 23 16 0 20 7 14 24 19 9 21 12 
Bat dau tim kiem 21
DOWN:  1 2 3 4 5 6 17 8 13 18 11 22 15 10 23 16 19 20 7 14 24 0 9 21 12 
RIGHT:  1 2 3 4 5 6 17 8 13 18 11 22 15 10 23 16 19 20 7 14 24 9 0 21 12 
RIGHT:  1 2 3 4 5 6 17 8 13 18 11 22 15 10 23 16 19 20 7 14 24 9 21 0 12 
dua bai toan ve dang corner doc21
UP:  1 2 3 4 5 6 17 8 13 18 11 22 15 10 23 16 19 20 0 14 24 9 21 7 12 
LEFT:  1 2 3 4 5 6 17 8 13 18 11 22 15 10 23 16 19 0 20 14 24 9 21 7 12 
LEFT:  1 2 3 4 5 6 17 8 13 18 11 22 15 10 23 16 0 19 20 14 24 9 21 7 12 
DOWN:  1 2 3 4 5 6 17 8 13 18 11 22 15 10 23 16 9 19 20 14 24 0 21 7 12 
RIGHT:  1 2 3 4 5 6 17 8 13 18 11 22 15 10 23 16 9 19 20 14 24 21 0 7 12 
Xac dinh bai toan corner doc
LEFT:  1 2 3 4 5 6 17 8 13 18 11 22 15 10 23 16 9 19 20 14 24 0 21 7 12 
UP:  1 2 3 4 5 6 17 8 13 18 11 22 15 10 23 16 0 19 20 14 24 9 21 7 12 
LEFT:  1 2 3 4 5 6 17 8 13 18 11 22 15 10 23 0 16 19 20 14 24 9 21 7 12 
DOWN:  1 2 3 4 5 6 17 8 13 18 11 22 15 10 23 24 16 19 20 14 0 9 21 7 12 
RIGHT:  1 2 3 4 5 6 17 8 13 18 11 22 15 10 23 24 16 19 20 14 9 0 21 7 12 
UP:  1 2 3 4 5 6 17 8 13 18 11 22 15 10 23 24 0 19 20 14 9 16 21 7 12 
LEFT:  1 2 3 4 5 6 17 8 13 18 11 22 15 10 23 0 24 19 20 14 9 16 21 7 12 
DOWN:  1 2 3 4 5 6 17 8 13 18 11 22 15 10 23 9 24 19 20 14 0 16 21 7 12 
RIGHT:  1 2 3 4 5 6 17 8 13 18 11 22 15 10 23 9 24 19 20 14 16 0 21 7 12 
RIGHT:  1 2 3 4 5 6 17 8 13 18 11 22 15 10 23 9 24 19 20 14 16 21 0 7 12 
UP:  1 2 3 4 5 6 17 8 13 18 11 22 15 10 23 9 24 0 20 14 16 21 19 7 12 
LEFT:  1 2 3 4 5 6 17 8 13 18 11 22 15 10 23 9 0 24 20 14 16 21 19 7 12 
LEFT:  1 2 3 4 5 6 17 8 13 18 11 22 15 10 23 0 9 24 20 14 16 21 19 7 12 
DOWN:  1 2 3 4 5 6 17 8 13 18 11 22 15 10 23 16 9 24 20 14 0 21 19 7 12 
RIGHT:  1 2 3 4 5 6 17 8 13 18 11 22 15 10 23 16 9 24 20 14 21 0 19 7 12 
bat dau tim trang thai dich 21
Bat dau tim kiem 7
RIGHT:  1 2 3 4 5 6 17 8 13 18 11 22 15 10 23 16 9 24 20 14 21 19 0 7 12 
RIGHT:  1 2 3 4 5 6 17 8 13 18 11 22 15 10 23 16 9 24 20 14 21 19 7 0 12 
bat dau tim trang thai dich 7
UP:  1 2 3 4 5 6 17 8 13 18 11 22 15 10 23 16 9 24 0 14 21 19 7 20 12 
LEFT:  1 2 3 4 5 6 17 8 13 18 11 22 15 10 23 16 9 0 24 14 21 19 7 20 12 
DOWN:  1 2 3 4 5 6 17 8 13 18 11 22 15 10 23 16 9 7 24 14 21 19 0 20 12 
LEFT:  1 2 3 4 5 6 17 8 13 18 11 22 15 10 23 16 9 7 24 14 21 0 19 20 12 
UP:  1 2 3 4 5 6 17 8 13 18 11 22 15 10 23 16 0 7 24 14 21 9 19 20 12 
RIGHT:  1 2 3 4 5 6 17 8 13 18 11 22 15 10 23 16 7 0 24 14 21 9 19 20 12 
UP:  1 2 3 4 5 6 17 8 13 18 11 22 0 10 23 16 7 15 24 14 21 9 19 20 12 
LEFT:  1 2 3 4 5 6 17 8 13 18 11 0 22 10 23 16 7 15 24 14 21 9 19 20 12 
DOWN:  1 2 3 4 5 6 17 8 13 18 11 7 22 10 23 16 0 15 24 14 21 9 19 20 12 
RIGHT:  1 2 3 4 5 6 17 8 13 18 11 7 22 10 23 16 15 0 24 14 21 9 19 20 12 
UP:  1 2 3 4 5 6 17 8 13 18 11 7 0 10 23 16 15 22 24 14 21 9 19 20 12 
UP:  1 2 3 4 5 6 17 0 13 18 11 7 8 10 23 16 15 22 24 14 21 9 19 20 12 
LEFT:  1 2 3 4 5 6 0 17 13 18 11 7 8 10 23 16 15 22 24 14 21 9 19 20 12 
DOWN:  1 2 3 4 5 6 7 17 13 18 11 0 8 10 23 16 15 22 24 14 21 9 19 20 12 
Bat dau tim kiem 8
RIGHT:  1 2 3 4 5 6 7 17 13 18 11 8 0 10 23 16 15 22 24 14 21 9 19 20 12 
bat dau tim trang thai dich 8
LEFT:  1 2 3 4 5 6 7 17 13 18 11 0 8 10 23 16 15 22 24 14 21 9 19 20 12 
DOWN:  1 2 3 4 5 6 7 17 13 18 11 15 8 10 23 16 0 22 24 14 21 9 19 20 12 
RIGHT:  1 2 3 4 5 6 7 17 13 18 11 15 8 10 23 16 22 0 24 14 21 9 19 20 12 
RIGHT:  1 2 3 4 5 6 7 17 13 18 11 15 8 10 23 16 22 24 0 14 21 9 19 20 12 
UP:  1 2 3 4 5 6 7 17 13 18 11 15 8 0 23 16 22 24 10 14 21 9 19 20 12 
UP:  1 2 3 4 5 6 7 17 0 18 11 15 8 13 23 16 22 24 10 14 21 9 19 20 12 
LEFT:  1 2 3 4 5 6 7 0 17 18 11 15 8 13 23 16 22 24 10 14 21 9 19 20 12 
DOWN:  1 2 3 4 5 6 7 8 17 18 11 15 0 13 23 16 22 24 10 14 21 9 19 20 12 
Bat dau tim kiem 9
DOWN:  1 2 3 4 5 6 7 8 17 18 11 15 24 13 23 16 22 0 10 14 21 9 19 20 12 
DOWN:  1 2 3 4 5 6 7 8 17 18 11 15 24 13 23 16 22 19 10 14 21 9 0 20 12 
LEFT:  1 2 3 4 5 6 7 8 17 18 11 15 24 13 23 16 22 19 10 14 21 0 9 20 12 
bat dau tim trang thai dich 9
UP:  1 2 3 4 5 6 7 8 17 18 11 15 24 13 23 16 0 19 10 14 21 22 9 20 12 
RIGHT:  1 2 3 4 5 6 7 8 17 18 11 15 24 13 23 16 19 0 10 14 21 22 9 20 12 
DOWN:  1 2 3 4 5 6 7 8 17 18 11 15 24 13 23 16 19 9 10 14 21 22 0 20 12 
RIGHT:  1 2 3 4 5 6 7 8 17 18 11 15 24 13 23 16 19 9 10 14 21 22 20 0 12 
UP:  1 2 3 4 5 6 7 8 17 18 11 15 24 13 23 16 19 9 0 14 21 22 20 10 12 
LEFT:  1 2 3 4 5 6 7 8 17 18 11 15 24 13 23 16 19 0 9 14 21 22 20 10 12 
UP:  1 2 3 4 5 6 7 8 17 18 11 15 0 13 23 16 19 24 9 14 21 22 20 10 12 
RIGHT:  1 2 3 4 5 6 7 8 17 18 11 15 13 0 23 16 19 24 9 14 21 22 20 10 12 
DOWN:  1 2 3 4 5 6 7 8 17 18 11 15 13 9 23 16 19 24 0 14 21 22 20 10 12 
RIGHT:  1 2 3 4 5 6 7 8 17 18 11 15 13 9 23 16 19 24 14 0 21 22 20 10 12 
UP:  1 2 3 4 5 6 7 8 17 18 11 15 13 9 0 16 19 24 14 23 21 22 20 10 12 
UP:  1 2 3 4 5 6 7 8 17 0 11 15 13 9 18 16 19 24 14 23 21 22 20 10 12 
LEFT:  1 2 3 4 5 6 7 8 0 17 11 15 13 9 18 16 19 24 14 23 21 22 20 10 12 
DOWN:  1 2 3 4 5 6 7 8 9 17 11 15 13 0 18 16 19 24 14 23 21 22 20 10 12 
Bat dau tim kiem 10
DOWN:  1 2 3 4 5 6 7 8 9 17 11 15 13 14 18 16 19 24 0 23 21 22 20 10 12 
DOWN:  1 2 3 4 5 6 7 8 9 17 11 15 13 14 18 16 19 24 10 23 21 22 20 0 12 
dua bai toan ve dang corner10
RIGHT:  1 2 3 4 5 6 7 8 9 17 11 15 13 14 18 16 19 24 10 23 21 22 20 12 0 
UP:  1 2 3 4 5 6 7 8 9 17 11 15 13 14 18 16 19 24 10 0 21 22 20 12 23 
LEFT:  1 2 3 4 5 6 7 8 9 17 11 15 13 14 18 16 19 24 0 10 21 22 20 12 23 
UP:  1 2 3 4 5 6 7 8 9 17 11 15 13 0 18 16 19 24 14 10 21 22 20 12 23 
RIGHT:  1 2 3 4 5 6 7 8 9 17 11 15 13 18 0 16 19 24 14 10 21 22 20 12 23 
DOWN:  1 2 3 4 5 6 7 8 9 17 11 15 13 18 10 16 19 24 14 0 21 22 20 12 23 
Xac dinh bai toan corner
UP:  1 2 3 4 5 6 7 8 9 17 11 15 13 18 0 16 19 24 14 10 21 22 20 12 23 
LEFT:  1 2 3 4 5 6 7 8 9 17 11 15 13 0 18 16 19 24 14 10 21 22 20 12 23 
UP:  1 2 3 4 5 6 7 8 0 17 11 15 13 9 18 16 19 24 14 10 21 22 20 12 23 
RIGHT:  1 2 3 4 5 6 7 8 17 0 11 15 13 9 18 16 19 24 14 10 21 22 20 12 23 
DOWN:  1 2 3 4 5 6 7 8 17 18 11 15 13 9 0 16 19 24 14 10 21 22 20 12 23 
LEFT:  1 2 3 4 5 6 7 8 17 18 11 15 13 0 9 16 19 24 14 10 21 22 20 12 23 
UP:  1 2 3 4 5 6 7 8 0 18 11 15 13 17 9 16 19 24 14 10 21 22 20 12 23 
RIGHT:  1 2 3 4 5 6 7 8 18 0 11 15 13 17 9 16 19 24 14 10 21 22 20 12 23 
DOWN:  1 2 3 4 5 6 7 8 18 9 11 15 13 17 0 16 19 24 14 10 21 22 20 12 23 
DOWN:  1 2 3 4 5 6 7 8 18 9 11 15 13 17 10 16 19 24 14 0 21 22 20 12 23 
LEFT:  1 2 3 4 5 6 7 8 18 9 11 15 13 17 10 16 19 24 0 14 21 22 20 12 23 
UP:  1 2 3 4 5 6 7 8 18 9 11 15 13 0 10 16 19 24 17 14 21 22 20 12 23 
UP:  1 2 3 4 5 6 7 8 0 9 11 15 13 18 10 16 19 24 17 14 21 22 20 12 23 
RIGHT:  1 2 3 4 5 6 7 8 9 0 11 15 13 18 10 16 19 24 17 14 21 22 20 12 23 
DOWN:  1 2 3 4 5 6 7 8 9 10 11 15 13 18 0 16 19 24 17 14 21 22 20 12 23 
bat dau tim trang thai dich 10
Bat dau tim kiem 12
DOWN:  1 2 3 4 5 6 7 8 9 10 11 15 13 18 14 16 19 24 17 0 21 22 20 12 23 
DOWN:  1 2 3 4 5 6 7 8 9 10 11 15 13 18 14 16 19 24 17 23 21 22 20 12 0 
LEFT:  1 2 3 4 5 6 7 8 9 10 11 15 13 18 14 16 19 24 17 23 21 22 20 0 12 
bat dau tim trang thai dich 12
RIGHT:  1 2 3 4 5 6 7 8 9 10 11 15 13 18 14 16 19 24 17 23 21 22 20 12 0 
UP:  1 2 3 4 5 6 7 8 9 10 11 15 13 18 14 16 19 24 17 0 21 22 20 12 23 
LEFT:  1 2 3 4 5 6 7 8 9 10 11 15 13 18 14 16 19 24 0 17 21 22 20 12 23 
DOWN:  1 2 3 4 5 6 7 8 9 10 11 15 13 18 14 16 19 24 12 17 21 22 20 0 23 
LEFT:  1 2 3 4 5 6 7 8 9 10 11 15 13 18 14 16 19 24 12 17 21 22 0 20 23 
UP:  1 2 3 4 5 6 7 8 9 10 11 15 13 18 14 16 19 0 12 17 21 22 24 20 23 
RIGHT:  1 2 3 4 5 6 7 8 9 10 11 15 13 18 14 16 19 12 0 17 21 22 24 20 23 
UP:  1 2 3 4 5 6 7 8 9 10 11 15 13 0 14 16 19 12 18 17 21 22 24 20 23 
LEFT:  1 2 3 4 5 6 7 8 9 10 11 15 0 13 14 16 19 12 18 17 21 22 24 20 23 
DOWN:  1 2 3 4 5 6 7 8 9 10 11 15 12 13 14 16 19 0 18 17 21 22 24 20 23 
LEFT:  1 2 3 4 5 6 7 8 9 10 11 15 12 13 14 16 0 19 18 17 21 22 24 20 23 
UP:  1 2 3 4 5 6 7 8 9 10 11 0 12 13 14 16 15 19 18 17 21 22 24 20 23 
RIGHT:  1 2 3 4 5 6 7 8 9 10 11 12 0 13 14 16 15 19 18 17 21 22 24 20 23 
Bat dau tim kiem 17
DOWN:  1 2 3 4 5 6 7 8 9 10 11 12 19 13 14 16 15 0 18 17 21 22 24 20 23 
RIGHT:  1 2 3 4 5 6 7 8 9 10 11 12 19 13 14 16 15 18 0 17 21 22 24 20 23 
RIGHT:  1 2 3 4 5 6 7 8 9 10 11 12 19 13 14 16 15 18 17 0 21 22 24 20 23 
bat dau tim trang thai dich 17
UP:  1 2 3 4 5 6 7 8 9 10 11 12 19 13 0 16 15 18 17 14 21 22 24 20 23 
LEFT:  1 2 3 4 5 6 7 8 9 10 11 12 19 0 13 16 15 18 17 14 21 22 24 20 23 
LEFT:  1 2 3 4 5 6 7 8 9 10 11 12 0 19 13 16 15 18 17 14 21 22 24 20 23 
DOWN:  1 2 3 4 5 6 7 8 9 10 11 12 18 19 13 16 15 0 17 14 21 22 24 20 23 
RIGHT:  1 2 3 4 5 6 7 8 9 10 11 12 18 19 13 16 15 17 0 14 21 22 24 20 23 
DOWN:  1 2 3 4 5 6 7 8 9 10 11 12 18 19 13 16 15 17 20 14 21 22 24 0 23 
LEFT:  1 2 3 4 5 6 7 8 9 10 11 12 18 19 13 16 15 17 20 14 21 22 0 24 23 
LEFT:  1 2 3 4 5 6 7 8 9 10 11 12 18 19 13 16 15 17 20 14 21 0 22 24 23 
UP:  1 2 3 4 5 6 7 8 9 10 11 12 18 19 13 16 0 17 20 14 21 15 22 24 23 
RIGHT:  1 2 3 4 5 6 7 8 9 10 11 12 18 19 13 16 17 0 20 14 21 15 22 24 23 
Bat dau tim kiem 22
DOWN:  1 2 3 4 5 6 7 8 9 10 11 12 18 19 13 16 17 22 20 14 21 15 0 24 23 
dua bai toan ve dang corner doc22
UP:  1 2 3 4 5 6 7 8 9 10 11 12 18 19 13 16 17 0 20 14 21 15 22 24 23 
RIGHT:  1 2 3 4 5 6 7 8 9 10 11 12 18 19 13 16 17 20 0 14 21 15 22 24 23 
DOWN:  1 2 3 4 5 6 7 8 9 10 11 12 18 19 13 16 17 20 24 14 21 15 22 0 23 
Xac dinh bai toan corner doc
LEFT:  1 2 3 4 5 6 7 8 9 10 11 12 18 19 13 16 17 20 24 14 21 15 0 22 23 
UP:  1 2 3 4 5 6 7 8 9 10 11 12 18 19 13 16 17 0 24 14 21 15 20 22 23 
LEFT:  1 2 3 4 5 6 7 8 9 10 11 12 18 19 13 16 0 17 24 14 21 15 20 22 23 
DOWN:  1 2 3 4 5 6 7 8 9 10 11 12 18 19 13 16 15 17 24 14 21 0 20 22 23 
RIGHT:  1 2 3 4 5 6 7 8 9 10 11 12 18 19 13 16 15 17 24 14 21 20 0 22 23 
UP:  1 2 3 4 5 6 7 8 9 10 11 12 18 19 13 16 15 0 24 14 21 20 17 22 23 
LEFT:  1 2 3 4 5 6 7 8 9 10 11 12 18 19 13 16 0 15 24 14 21 20 17 22 23 
DOWN:  1 2 3 4 5 6 7 8 9 10 11 12 18 19 13 16 20 15 24 14 21 0 17 22 23 
RIGHT:  1 2 3 4 5 6 7 8 9 10 11 12 18 19 13 16 20 15 24 14 21 17 0 22 23 
RIGHT:  1 2 3 4 5 6 7 8 9 10 11 12 18 19 13 16 20 15 24 14 21 17 22 0 23 
UP:  1 2 3 4 5 6 7 8 9 10 11 12 18 19 13 16 20 15 0 14 21 17 22 24 23 
LEFT:  1 2 3 4 5 6 7 8 9 10 11 12 18 19 13 16 20 0 15 14 21 17 22 24 23 
LEFT:  1 2 3 4 5 6 7 8 9 10 11 12 18 19 13 16 0 20 15 14 21 17 22 24 23 
DOWN:  1 2 3 4 5 6 7 8 9 10 11 12 18 19 13 16 17 20 15 14 21 0 22 24 23 
RIGHT:  1 2 3 4 5 6 7 8 9 10 11 12 18 19 13 16 17 20 15 14 21 22 0 24 23 
bat dau tim trang thai dich 22
Bat dau tim kiem 13
RIGHT:  1 2 3 4 5 6 7 8 9 10 11 12 18 19 13 16 17 20 15 14 21 22 24 0 23 
RIGHT:  1 2 3 4 5 6 7 8 9 10 11 12 18 19 13 16 17 20 15 14 21 22 24 23 0 
UP:  1 2 3 4 5 6 7 8 9 10 11 12 18 19 13 16 17 20 15 0 21 22 24 23 14 
UP:  1 2 3 4 5 6 7 8 9 10 11 12 18 19 0 16 17 20 15 13 21 22 24 23 14 
bat dau tim trang thai dich 13
DOWN:  1 2 3 4 5 6 7 8 9 10 11 12 18 19 13 16 17 20 15 0 21 22 24 23 14 
LEFT:  1 2 3 4 5 6 7 8 9 10 11 12 18 19 13 16 17 20 0 15 21 22 24 23 14 
UP:  1 2 3 4 5 6 7 8 9 10 11 12 18 0 13 16 17 20 19 15 21 22 24 23 14 
RIGHT:  1 2 3 4 5 6 7 8 9 10 11 12 18 13 0 16 17 20 19 15 21 22 24 23 14 
DOWN:  1 2 3 4 5 6 7 8 9 10 11 12 18 13 15 16 17 20 19 0 21 22 24 23 14 
LEFT:  1 2 3 4 5 6 7 8 9 10 11 12 18 13 15 16 17 20 0 19 21 22 24 23 14 
LEFT:  1 2 3 4 5 6 7 8 9 10 11 12 18 13 15 16 17 0 20 19 21 22 24 23 14 
UP:  1 2 3 4 5 6 7 8 9 10 11 12 0 13 15 16 17 18 20 19 21 22 24 23 14 
RIGHT:  1 2 3 4 5 6 7 8 9 10 11 12 13 0 15 16 17 18 20 19 21 22 24 23 14 
Bat dau tim kiem 14
DOWN:  1 2 3 4 5 6 7 8 9 10 11 12 13 20 15 16 17 18 0 19 21 22 24 23 14 
DOWN:  1 2 3 4 5 6 7 8 9 10 11 12 13 20 15 16 17 18 23 19 21 22 24 0 14 
RIGHT:  1 2 3 4 5 6 7 8 9 10 11 12 13 20 15 16 17 18 23 19 21 22 24 14 0 
bat dau tim trang thai dich 14
UP:  1 2 3 4 5 6 7 8 9 10 11 12 13 20 15 16 17 18 23 0 21 22 24 14 19 
LEFT:  1 2 3 4 5 6 7 8 9 10 11 12 13 20 15 16 17 18 0 23 21 22 24 14 19 
DOWN:  1 2 3 4 5 6 7 8 9 10 11 12 13 20 15 16 17 18 14 23 21 22 24 0 19 
RIGHT:  1 2 3 4 5 6 7 8 9 10 11 12 13 20 15 16 17 18 14 23 21 22 24 19 0 
UP:  1 2 3 4 5 6 7 8 9 10 11 12 13 20 15 16 17 18 14 0 21 22 24 19 23 
UP:  1 2 3 4 5 6 7 8 9 10 11 12 13 20 0 16 17 18 14 15 21 22 24 19 23 
LEFT:  1 2 3 4 5 6 7 8 9 10 11 12 13 0 20 16 17 18 14 15 21 22 24 19 23 
DOWN:  1 2 3 4 5 6 7 8 9 10 11 12 13 14 20 16 17 18 0 15 21 22 24 19 23 
Bat dau tim kiem 15
RIGHT:  1 2 3 4 5 6 7 8 9 10 11 12 13 14 20 16 17 18 15 0 21 22 24 19 23 
dua bai toan ve dang corner15
LEFT:  1 2 3 4 5 6 7 8 9 10 11 12 13 14 20 16 17 18 0 15 21 22 24 19 23 
DOWN:  1 2 3 4 5 6 7 8 9 10 11 12 13 14 20 16 17 18 19 15 21 22 24 0 23 
RIGHT:  1 2 3 4 5 6 7 8 9 10 11 12 13 14 20 16 17 18 19 15 21 22 24 23 0 
Xac dinh bai toan corner
UP:  1 2 3 4 5 6 7 8 9 10 11 12 13 14 20 16 17 18 19 0 21 22 24 23 15 
LEFT:  1 2 3 4 5 6 7 8 9 10 11 12 13 14 20 16 17 18 0 19 21 22 24 23 15 
UP:  1 2 3 4 5 6 7 8 9 10 11 12 13 0 20 16 17 18 14 19 21 22 24 23 15 
RIGHT:  1 2 3 4 5 6 7 8 9 10 11 12 13 20 0 16 17 18 14 19 21 22 24 23 15 
DOWN:  1 2 3 4 5 6 7 8 9 10 11 12 13 20 19 16 17 18 14 0 21 22 24 23 15 
LEFT:  1 2 3 4 5 6 7 8 9 10 11 12 13 20 19 16 17 18 0 14 21 22 24 23 15 
UP:  1 2 3 4 5 6 7 8 9 10 11 12 13 0 19 16 17 18 20 14 21 22 24 23 15 
RIGHT:  1 2 3 4 5 6 7 8 9 10 11 12 13 19 0 16 17 18 20 14 21 22 24 23 15 
DOWN:  1 2 3 4 5 6 7 8 9 10 11 12 13 19 14 16 17 18 20 0 21 22 24 23 15 
DOWN:  1 2 3 4 5 6 7 8 9 10 11 12 13 19 14 16 17 18 20 15 21 22 24 23 0 
LEFT:  1 2 3 4 5 6 7 8 9 10 11 12 13 19 14 16 17 18 20 15 21 22 24 0 23 
UP:  1 2 3 4 5 6 7 8 9 10 11 12 13 19 14 16 17 18 0 15 21 22 24 20 23 
UP:  1 2 3 4 5 6 7 8 9 10 11 12 13 0 14 16 17 18 19 15 21 22 24 20 23 
RIGHT:  1 2 3 4 5 6 7 8 9 10 11 12 13 14 0 16 17 18 19 15 21 22 24 20 23 
DOWN:  1 2 3 4 5 6 7 8 9 10 11 12 13 14 15 16 17 18 19 0 21 22 24 20 23 
bat dau tim trang thai dich 15
bat dau tim trang thai dich 18
Bat dau tim kiem 23
DOWN:  1 2 3 4 5 6 7 8 9 10 11 12 13 14 15 16 17 18 19 23 21 22 24 20 0 
dua bai toan ve dang corner doc23
UP:  1 2 3 4 5 6 7 8 9 10 11 12 13 14 15 16 17 18 19 0 21 22 24 20 23 
LEFT:  1 2 3 4 5 6 7 8 9 10 11 12 13 14 15 16 17 18 0 19 21 22 24 20 23 
DOWN:  1 2 3 4 5 6 7 8 9 10 11 12 13 14 15 16 17 18 20 19 21 22 24 0 23 
RIGHT:  1 2 3 4 5 6 7 8 9 10 11 12 13 14 15 16 17 18 20 19 21 22 24 23 0 
Xac dinh bai toan corner doc
LEFT:  1 2 3 4 5 6 7 8 9 10 11 12 13 14 15 16 17 18 20 19 21 22 24 0 23 
UP:  1 2 3 4 5 6 7 8 9 10 11 12 13 14 15 16 17 18 0 19 21 22 24 20 23 
LEFT:  1 2 3 4 5 6 7 8 9 10 11 12 13 14 15 16 17 0 18 19 21 22 24 20 23 
DOWN:  1 2 3 4 5 6 7 8 9 10 11 12 13 14 15 16 17 24 18 19 21 22 0 20 23 
RIGHT:  1 2 3 4 5 6 7 8 9 10 11 12 13 14 15 16 17 24 18 19 21 22 20 0 23 
UP:  1 2 3 4 5 6 7 8 9 10 11 12 13 14 15 16 17 24 0 19 21 22 20 18 23 
LEFT:  1 2 3 4 5 6 7 8 9 10 11 12 13 14 15 16 17 0 24 19 21 22 20 18 23 
DOWN:  1 2 3 4 5 6 7 8 9 10 11 12 13 14 15 16 17 20 24 19 21 22 0 18 23 
RIGHT:  1 2 3 4 5 6 7 8 9 10 11 12 13 14 15 16 17 20 24 19 21 22 18 0 23 
RIGHT:  1 2 3 4 5 6 7 8 9 10 11 12 13 14 15 16 17 20 24 19 21 22 18 23 0 
UP:  1 2 3 4 5 6 7 8 9 10 11 12 13 14 15 16 17 20 24 0 21 22 18 23 19 
LEFT:  1 2 3 4 5 6 7 8 9 10 11 12 13 14 15 16 17 20 0 24 21 22 18 23 19 
LEFT:  1 2 3 4 5 6 7 8 9 10 11 12 13 14 15 16 17 0 20 24 21 22 18 23 19 
DOWN:  1 2 3 4 5 6 7 8 9 10 11 12 13 14 15 16 17 18 20 24 21 22 0 23 19 
RIGHT:  1 2 3 4 5 6 7 8 9 10 11 12 13 14 15 16 17 18 20 24 21 22 23 0 19 
bat dau tim trang thai dich 23
Bat dau tim kiem 19
RIGHT:  1 2 3 4 5 6 7 8 9 10 11 12 13 14 15 16 17 18 20 24 21 22 23 19 0 
bat dau tim trang thai dich 19
UP:  1 2 3 4 5 6 7 8 9 10 11 12 13 14 15 16 17 18 20 0 21 22 23 19 24 
LEFT:  1 2 3 4 5 6 7 8 9 10 11 12 13 14 15 16 17 18 0 20 21 22 23 19 24 
DOWN:  1 2 3 4 5 6 7 8 9 10 11 12 13 14 15 16 17 18 19 20 21 22 23 0 24 
bat dau tim trang thai dich 20
UP:  1 2 3 4 5 6 7 8 9 10 11 12 13 14 15 16 17 18 20 0 21 22 23 19 24 
LEFT:  1 2 3 4 5 6 7 8 9 10 11 12 13 14 15 16 17 18 0 20 21 22 23 19 24 
DOWN:  1 2 3 4 5 6 7 8 9 10 11 12 13 14 15 16 17 18 19 20 21 22 23 0 24 
Bat dau tim kiem 24
RIGHT:  1 2 3 4 5 6 7 8 9 10 11 12 13 14 15 16 17 18 19 20 21 22 23 24 0 
bat dau tim trang thai dich 24
UP:  1 2 3 4 5 6 7 8 9 10 11 12 13 14 15 16 17 18 19 0 21 22 23 24 20 
DOWN:  1 2 3 4 5 6 7 8 9 10 11 12 13 14 15 16 17 18 19 20 21 22 23 24 0 
